{
  "timestamp": "2026-06-21T03:14:19.785816",
  "k": 4,
  "time_points": [
    "pre_stim",
    "early_delib",
    "late_delib",
    "post_choice",
    "iti"
  ],
  "n_total_measurements": 42,
  "region_summary": {
    "ACA": {
      "mean_holonomy_angle": 0.0,
      "std_holonomy_angle": 0.0,
      "n_sessions": 3
    },
    "CA3": {
      "mean_holonomy_angle": 0.0,
      "std_holonomy_angle": 0.0,
      "n_sessions": 1
    },
    "DG": {
      "mean_holonomy_angle": 0.0,
      "std_holonomy_angle": 0.0,
      "n_sessions": 4
    },
    "LS": {
      "mean_holonomy_angle": 0.0,
      "std_holonomy_angle": 0.0,
      "n_sessions": 1
    },
    "MOs": {
      "mean_holonomy_angle": 0.0,
      "std_holonomy_angle": 0.0,
      "n_sessions": 3
    },
    "SUB": {
      "mean_holonomy_angle": 0.0,
      "std_holonomy_angle": 0.0,
      "n_sessions": 3
    },
    "VISp": {
      "mean_holonomy_angle": 0.0,
      "std_holonomy_angle": 0.0,
      "n_sessions": 3
    },
    "root": {
      "mean_holonomy_angle": 0.0,
      "std_holonomy_angle": 0.0,
      "n_sessions": 3
    },
    "CA1": {
      "mean_holonomy_angle": 0.0,
      "std_holonomy_angle": 0.0,
      "n_sessions": 4
    },
    "POST": {
      "mean_holonomy_angle": 0.0,
      "std_holonomy_angle": 0.0,
      "n_sessions": 2
    },
    "VISl": {
      "mean_holonomy_angle": 0.0,
      "std_holonomy_angle": 0.0,
      "n_sessions": 1
    },
    "VISpm": {
      "mean_holonomy_angle": 0.0,
      "std_holonomy_angle": 0.0,
      "n_sessions": 1
    },
    "MG": {
      "mean_holonomy_angle": 0.0,
      "std_holonomy_angle": 0.0,
      "n_sessions": 1
    },
    "MRN": {
      "mean_holonomy_angle": 0.0,
      "std_holonomy_angle": 0.0,
      "n_sessions": 1
    },
    "NB": {
      "mean_holonomy_angle": 0.0,
      "std_holonomy_angle": 0.0,
      "n_sessions": 1
    },
    "SPF": {
      "mean_holonomy_angle": 0.0,
      "std_holonomy_angle": 0.0,
      "n_sessions": 1
    },
    "VISam": {
      "mean_holonomy_angle": 0.0,
      "std_holonomy_angle": 0.0,
      "n_sessions": 1
    },
    "LGd": {
      "mean_holonomy_angle": 0.0,
      "std_holonomy_angle": 0.0,
      "n_sessions": 1
    },
    "LSr": {
      "mean_holonomy_angle": 0.0,
      "std_holonomy_angle": 0.0,
      "n_sessions": 1
    },
    "TH": {
      "mean_holonomy_angle": 0.0,
      "std_holonomy_angle": 0.0,
      "n_sessions": 1
    },
    "VISa": {
      "mean_holonomy_angle": 0.0,
      "std_holonomy_angle": 0.0,
      "n_sessions": 2
    },
    "VPL": {
      "mean_holonomy_angle": 0.0,
      "std_holonomy_angle": 0.0,
      "n_sessions": 1
    },
    "OLF": {
      "mean_holonomy_angle": 0.0,
      "std_holonomy_angle": 0.0,
      "n_sessions": 1
    },
    "ORB": {
      "mean_holonomy_angle": 0.0,
      "std_holonomy_angle": 0.0,
      "n_sessions": 1
    }
  },
  "within_region_holonomy_distance": {
    "mean": 0.0,
    "std": 0.0,
    "n": 29
  },
  "cross_region_holonomy_distance": {
    "mean": 4.3441220953009495e-20,
    "std": 1.1117937048336388e-18,
    "n": 832
  },
  "prediction": "within_region < cross_region (mechanism stability within region)",
  "all_holonomies": [
    {
      "session_idx": 0,
      "mouse": "Cori",
      "region": "ACA",
      "holonomy_angle": 0.0,
      "holonomy_matrix": [
        [
          0.9991210756670844,
          0.010460507686046205,
          0.029299763014324305,
          -0.02809230898489406
        ],
        [
          -0.008655698101627127,
          0.9815472760156018,
          0.10049051403105812,
          0.16245516435773394
        ],
        [
          -0.035580840897034754,
          -0.0506009136153245,
          0.9558093182013342,
          -0.28740580812129446
        ],
        [
          0.020399970815703498,
          -0.1841061385902041,
          0.27472118177631993,
          0.9435131388632287
        ]
      ],
      "n_neurons": 109,
      "n_trials": 214
    },
    {
      "session_idx": 0,
      "mouse": "Cori",
      "region": "CA3",
      "holonomy_angle": 0.0,
      "holonomy_matrix": [
        [
          0.5190779549844505,
          0.4420725450966204,
          0.4465215533270253,
          -0.5794380414982947
        ],
        [
          0.5402124228356605,
          0.4892944771883886,
          -0.483982730946596,
          0.48427488986364153
        ],
        [
          0.605860610427952,
          -0.6427297958498639,
          0.3445964322898206,
          0.3179380900612394
        ],
        [
          -0.26769672316832055,
          0.38995023912229054,
          0.669053448846221,
          0.5732754643279174
        ]
      ],
      "n_neurons": 68,
      "n_trials": 214
    },
    {
      "session_idx": 0,
      "mouse": "Cori",
      "region": "DG",
      "holonomy_angle": 0.0,
      "holonomy_matrix": [
        [
          0.9978213382349526,
          -0.02551130398151218,
          0.05622892092474118,
          -0.023239164868998626
        ],
        [
          0.012023907095168757,
          0.9742843760979374,
          0.1658006516516021,
          -0.15210366222258895
        ],
        [
          -0.04937848522207068,
          -0.11426012379793997,
          0.946917095697392,
          0.296402434509011
        ],
        [
          0.04206860846696618,
          0.19251948465102087,
          -0.2696228221786104,
          0.9425868734349085
        ]
      ],
      "n_neurons": 34,
      "n_trials": 214
    },
    {
      "session_idx": 0,
      "mouse": "Cori",
      "region": "LS",
      "holonomy_angle": 0.0,
      "holonomy_matrix": [
        [
          0.9845906268169949,
          -0.08285138362644284,
          -0.04264463809876922,
          -0.1479810145144516
        ],
        [
          0.08206436596247332,
          0.8875383972880252,
          0.4463374756647885,
          -0.0795228960473905
        ],
        [
          -0.1477118144843611,
          -0.18526760217316654,
          0.22727051931238762,
          -0.944566168406544
        ],
        [
          0.04503284673471334,
          -0.41362683321514837,
          0.8644723267462556,
          0.28208594762818
        ]
      ],
      "n_neurons": 139,
      "n_trials": 214
    },
    {
      "session_idx": 0,
      "mouse": "Cori",
      "region": "MOs",
      "holonomy_angle": 0.0,
      "holonomy_matrix": [
        [
          0.9628597671849414,
          0.17303611910781483,
          -0.029209614132006487,
          0.20519836418189558
        ],
        [
          -0.17641260904646908,
          0.8866142198159993,
          -0.4271062491131694,
          0.019340852048535483
        ],
        [
          -0.12229395328942719,
          0.3712030551693443,
          0.8382939209070434,
          0.3801523155158802
        ],
        [
          -0.16377988000612642,
          -0.21490001986299942,
          -0.33762457342592145,
          0.9016672223093314
        ]
      ],
      "n_neurons": 113,
      "n_trials": 214
    },
    {
      "session_idx": 0,
      "mouse": "Cori",
      "region": "SUB",
      "holonomy_angle": 0.0,
      "holonomy_matrix": [
        [
          0.9882213437693735,
          -0.030184250928441743,
          -0.022259486199288372,
          -0.14836442292101099
        ],
        [
          -0.027451597546501737,
          0.9281851531646185,
          -0.10506244333512627,
          -0.3559222025069136
        ],
        [
          -0.052062497790409806,
          -0.07927535539352848,
          0.8813342006395097,
          -0.4628768098902459
        ],
        [
          0.14126033354987075,
          0.36232119792787904,
          0.46012653157334243,
          0.798155650634494
        ]
      ],
      "n_neurons": 75,
      "n_trials": 214
    },
    {
      "session_idx": 0,
      "mouse": "Cori",
      "region": "VISp",
      "holonomy_angle": 0.0,
      "holonomy_matrix": [
        [
          0.9989182376884586,
          -0.0023311138470396477,
          0.026601063124773842,
          0.03806972238208352
        ],
        [
          -0.02490900239030315,
          0.8122041170815884,
          0.26007696600036284,
          0.5215975321564356
        ],
        [
          -0.028109249464307047,
          -0.3406055729490186,
          0.9377754323731663,
          0.0614406397097851
        ],
        [
          -0.027418353485543636,
          -0.473610474736383,
          -0.22853794790800055,
          0.8501245546848536
        ]
      ],
      "n_neurons": 178,
      "n_trials": 214
    },
    {
      "session_idx": 0,
      "mouse": "Cori",
      "region": "root",
      "holonomy_angle": 0.0,
      "holonomy_matrix": [
        [
          0.9988207079446405,
          -0.015854048982425054,
          0.042747408702807535,
          -0.01668836603822429
        ],
        [
          0.00398367397072538,
          0.9645078122247669,
          0.26401958457592617,
          -0.0015714513816713612
        ],
        [
          -0.04758980277571948,
          -0.22755909120939982,
          0.8290021814457333,
          -0.5086329264193736
        ],
        [
          -0.00874839382006046,
          -0.13300447096323212,
          0.49114325931215597,
          0.8608202920131435
        ]
      ],
      "n_neurons": 18,
      "n_trials": 214
    },
    {
      "session_idx": 1,
      "mouse": "Cori",
      "region": "CA1",
      "holonomy_angle": 0.0,
      "holonomy_matrix": [
        [
          0.9794556686195169,
          -0.01192204261522886,
          -0.18471658209843342,
          -0.08002651065021978
        ],
        [
          0.05020675563821054,
          0.9784363784810669,
          0.20024760994933152,
          0.006513805548202898
        ],
        [
          0.18229914428087182,
          -0.20619411597594126,
          0.9603109233663949,
          0.045320403733246244
        ],
        [
          0.07009206011984119,
          0.002026006326509196,
          -0.05986325643193572,
          0.9957406233231059
        ]
      ],
      "n_neurons": 190,
      "n_trials": 250
    },
    {
      "session_idx": 1,
      "mouse": "Cori",
      "region": "POST",
      "holonomy_angle": 0.0,
      "holonomy_matrix": [
        [
          0.9245497075665418,
          0.14801619856141932,
          -0.3112690397143055,
          0.1625134705720853
        ],
        [
          -0.1346903576997449,
          0.9881877589274781,
          0.07286882623060467,
          0.005796103206411135
        ],
        [
          0.3524061045459134,
          -0.004637693209412123,
          0.7579403273283547,
          -0.5489215695250621
        ],
        [
          0.053630991601056645,
          -0.0394290485684427,
          0.5686195382577839,
          0.8199029744917257
        ]
      ],
      "n_neurons": 191,
      "n_trials": 250
    },
    {
      "session_idx": 1,
      "mouse": "Cori",
      "region": "VISl",
      "holonomy_angle": 0.0,
      "holonomy_matrix": [
        [
          0.6660502743565998,
          0.08255691354220968,
          0.7293618553711998,
          -0.1326373702444549
        ],
        [
          -0.3568559610859709,
          0.8938906801443425,
          0.24564828984447806,
          0.11519632235873628
        ],
        [
          -0.5269412731276591,
          -0.4299894154576577,
          0.6051292081526176,
          0.4138364878905326
        ],
        [
          0.3890549443735547,
          0.09619205046079364,
          -0.20373228282859884,
          0.8932393277392618
        ]
      ],
      "n_neurons": 231,
      "n_trials": 250
    },
    {
      "session_idx": 1,
      "mouse": "Cori",
      "region": "VISpm",
      "holonomy_angle": 0.0,
      "holonomy_matrix": [
        [
          0.9657258605916385,
          -0.02919274840539168,
          0.23449035716865463,
          0.10740399443222538
        ],
        [
          0.011525929187177904,
          0.9657088018960847,
          -0.044297986148599276,
          0.2555608563923274
        ],
        [
          0.006988206478180511,
          0.25113226144206624,
          0.40512454498632844,
          -0.8790664680687303
        ],
        [
          0.2592139658875105,
          0.059049814935883405,
          -0.8825678806005326,
          -0.38780816827033254
        ]
      ],
      "n_neurons": 302,
      "n_trials": 250
    },
    {
      "session_idx": 1,
      "mouse": "Cori",
      "region": "root",
      "holonomy_angle": 0.0,
      "holonomy_matrix": [
        [
          0.3212571757922466,
          0.12249101380376393,
          0.13461748946845423,
          -0.9293373499803639
        ],
        [
          0.11574562846753475,
          0.7009385566990908,
          0.6655352215287066,
          0.22880331756333414
        ],
        [
          -0.7262080754120134,
          0.5376056489767117,
          -0.36003333554219186,
          -0.23233164806601617
        ],
        [
          0.5966729486905077,
          0.4523950236886448,
          -0.6397788662751454,
          0.1732141365778653
        ]
      ],
      "n_neurons": 156,
      "n_trials": 250
    },
    {
      "session_idx": 2,
      "mouse": "Cori",
      "region": "CA1",
      "holonomy_angle": 0.0,
      "holonomy_matrix": [
        [
          0.9932031653591273,
          -0.07173235262002979,
          0.08860665349997271,
          -0.023469189669453466
        ],
        [
          0.08658210426450648,
          0.9651821051508563,
          -0.13427937097092146,
          0.20711372153805788
        ],
        [
          -0.07774596941699374,
          0.16476889311032003,
          0.9780363001220359,
          -0.10125103330935441
        ],
        [
          -0.002564328596589909,
          -0.19007678802882813,
          0.1325251188672919,
          0.9727802073134013
        ]
      ],
      "n_neurons": 42,
      "n_trials": 228
    },
    {
      "session_idx": 2,
      "mouse": "Cori",
      "region": "DG",
      "holonomy_angle": 0.0,
      "holonomy_matrix": [
        [
          0.999619784975168,
          -0.004420626274875428,
          -0.026421849151382078,
          0.006529122219626529
        ],
        [
          0.0030911740696753925,
          0.9677123188419624,
          0.017177707354920437,
          0.25145225983159336
        ],
        [
          0.026351026493818982,
          -0.017447513932245595,
          0.9994994169749712,
          -0.0014570953979942158
        ],
        [
          -0.0075068989464598754,
          -0.2514138227751969,
          -0.0027798784403314284,
          0.9678465831223607
        ]
      ],
      "n_neurons": 34,
      "n_trials": 228
    },
    {
      "session_idx": 2,
      "mouse": "Cori",
      "region": "MG",
      "holonomy_angle": 0.0,
      "holonomy_matrix": [
        [
          -0.1425844481535359,
          -0.21538073563801644,
          -0.8663557773426299,
          0.42744412608647187
        ],
        [
          0.1458674460486781,
          0.8011239505498063,
          0.06159621726123253,
          0.5771732929180059
        ],
        [
          -0.948346576980517,
          0.2794608414808019,
          0.012798949499392262,
          -0.1495880840838982
        ],
        [
          -0.24296323437369097,
          -0.48343892339192174,
          0.4954490488192182,
          0.6795483162487168
        ]
      ],
      "n_neurons": 137,
      "n_trials": 228
    },
    {
      "session_idx": 2,
      "mouse": "Cori",
      "region": "MRN",
      "holonomy_angle": 0.0,
      "holonomy_matrix": [
        [
          0.8431324213977278,
          0.22259189880085495,
          -0.12823843421670394,
          0.4723721737844892
        ],
        [
          -0.3432558351486089,
          0.9140357335890635,
          -0.16761043846732568,
          0.13645823637847687
        ],
        [
          0.153929549767903,
          0.251612728703022,
          0.9456973268673489,
          -0.1365770640291488
        ],
        [
          -0.38419896581418217,
          -0.2273379842110673,
          0.24722097577347923,
          0.8599944097142558
        ]
      ],
      "n_neurons": 41,
      "n_trials": 228
    },
    {
      "session_idx": 2,
      "mouse": "Cori",
      "region": "NB",
      "holonomy_angle": 0.0,
      "holonomy_matrix": [
        [
          0.9539836901961487,
          0.15282894370971967,
          -0.2569056054502674,
          0.023620810581726118
        ],
        [
          0.07989289823443224,
          0.6374232457988388,
          0.7037570870840283,
          0.3033722019334928
        ],
        [
          -0.19528672679319573,
          0.7011015702032453,
          -0.36167012253676833,
          -0.5826786464777851
        ],
        [
          -0.2130618172968519,
          0.28069825068636706,
          -0.5549055728062859,
          0.7535867298063993
        ]
      ],
      "n_neurons": 43,
      "n_trials": 228
    },
    {
      "session_idx": 2,
      "mouse": "Cori",
      "region": "POST",
      "holonomy_angle": 0.0,
      "holonomy_matrix": [
        [
          0.9979337125757802,
          0.02361529870700783,
          -0.041270884604371005,
          0.043212695538135074
        ],
        [
          0.011876548353437865,
          0.8432841122456478,
          0.3106076019790498,
          -0.4384675258512337
        ],
        [
          -0.022857820078008465,
          0.26151206496833834,
          0.47586085324320126,
          0.8394315983377867
        ],
        [
          0.05886232211873668,
          -0.4689623263941828,
          0.8218126794029468,
          -0.3181720971900202
        ]
      ],
      "n_neurons": 63,
      "n_trials": 228
    },
    {
      "session_idx": 2,
      "mouse": "Cori",
      "region": "SPF",
      "holonomy_angle": 0.0,
      "holonomy_matrix": [
        [
          0.9999515883695487,
          0.009613853692301532,
          0.0013289863841592347,
          0.001621274064472581
        ],
        [
          -0.009747360419935085,
          0.9956341395796868,
          0.021522888445657792,
          0.09030179589142673
        ],
        [
          -0.0011230011853456678,
          -0.021885065853492158,
          0.9997556864424114,
          0.0028896690103691865
        ],
        [
          -0.000740776889463455,
          -0.09022902976974043,
          -0.004854533366857249,
          0.9959089350649498
        ]
      ],
      "n_neurons": 15,
      "n_trials": 228
    },
    {
      "session_idx": 2,
      "mouse": "Cori",
      "region": "VISam",
      "holonomy_angle": 0.0,
      "holonomy_matrix": [
        [
          0.9108620393848547,
          -0.3471699859199963,
          -0.09411136559302485,
          -0.20235216072528253
        ],
        [
          0.1395745313714439,
          0.7646813875274965,
          -0.1641661295294189,
          -0.6073144224179062
        ],
        [
          -0.38784561665557327,
          -0.535354205807956,
          -0.3292766174537738,
          -0.6742021663885349
        ],
        [
          0.020617299560437598,
          0.09017344824872633,
          -0.9250780734509648,
          0.368339835220171
        ]
      ],
      "n_neurons": 114,
      "n_trials": 228
    },
    {
      "session_idx": 2,
      "mouse": "Cori",
      "region": "VISp",
      "holonomy_angle": 0.0,
      "holonomy_matrix": [
        [
          0.7012746297850565,
          -0.32281776578352334,
          0.4418252705711304,
          -0.45693874206408897
        ],
        [
          -0.32461802954583224,
          0.6489597419110179,
          0.4937246708695887,
          -0.4792810633097056
        ],
        [
          0.35522924149860774,
          0.36732201624716376,
          0.4573004081274095,
          0.7278482390518946
        ],
        [
          -0.5259745378798637,
          -0.5828503065568702,
          0.593213887553189,
          0.1781392412206218
        ]
      ],
      "n_neurons": 114,
      "n_trials": 228
    },
    {
      "session_idx": 3,
      "mouse": "Forssmann",
      "region": "ACA",
      "holonomy_angle": 0.0,
      "holonomy_matrix": [
        [
          0.9544880329516522,
          0.06982229457490621,
          0.22492035444967795,
          0.18299802263032985
        ],
        [
          0.19788125237735119,
          0.564032570084283,
          -0.7063926159014287,
          -0.3791038670887267
        ],
        [
          -0.21663560339507643,
          0.8227952826243553,
          0.4652526718000941,
          0.2441657011450028
        ],
        [
          0.0535221472972334,
          -0.0001730766305933957,
          0.4836943846449335,
          -0.873598930892278
        ]
      ],
      "n_neurons": 304,
      "n_trials": 249
    },
    {
      "session_idx": 3,
      "mouse": "Forssmann",
      "region": "CA1",
      "holonomy_angle": 0.0,
      "holonomy_matrix": [
        [
          0.9906138918329076,
          -0.011549177902323614,
          0.042160369046008686,
          -0.12951153261136278
        ],
        [
          0.008777656240257958,
          0.9989156635837801,
          0.045144032507494686,
          -0.007243350527614446
        ],
        [
          -0.08064218663726273,
          -0.04434699964243438,
          0.9481487273773107,
          -0.3042107363816413
        ],
        [
          0.11001776126129963,
          -0.008213230757147211,
          0.3117667563799132,
          0.9437320195182156
        ]
      ],
      "n_neurons": 98,
      "n_trials": 249
    },
    {
      "session_idx": 3,
      "mouse": "Forssmann",
      "region": "DG",
      "holonomy_angle": 0.0,
      "holonomy_matrix": [
        [
          0.9979180666634596,
          -0.04892317823230155,
          -0.016692027497562264,
          -0.038567228009444246
        ],
        [
          0.04883750225351382,
          0.9692417430420245,
          0.23194660999774047,
          -0.06622772855119431
        ],
        [
          -0.005939128821671638,
          -0.24119560791874917,
          0.9368495042690071,
          -0.2531845410376757
        ],
        [
          0.04170320550196368,
          0.0012825354622294336,
          0.2612185917569618,
          0.9643775428089125
        ]
      ],
      "n_neurons": 144,
      "n_trials": 249
    },
    {
      "session_idx": 3,
      "mouse": "Forssmann",
      "region": "LGd",
      "holonomy_angle": 0.0,
      "holonomy_matrix": [
        [
          0.9041631620721612,
          0.200029966378747,
          0.22293084477787062,
          0.3045961709359063
        ],
        [
          -0.1705976906434762,
          0.9787260337268475,
          -0.040922063437304555,
          -0.10638215816789605
        ],
        [
          0.14758059210276037,
          -0.03997593386380032,
          0.5547540578295397,
          -0.8178446239157998
        ],
        [
          0.3627745486295639,
          -0.02202925708116627,
          -0.8005467871975509,
          -0.47648103866444413
        ]
      ],
      "n_neurons": 140,
      "n_trials": 249
    },
    {
      "session_idx": 3,
      "mouse": "Forssmann",
      "region": "LSr",
      "holonomy_angle": 0.0,
      "holonomy_matrix": [
        [
          0.9967330820716623,
          0.03186407742313207,
          0.03375883580837505,
          0.06609224371105382
        ],
        [
          -0.0032068076869379175,
          0.9337733210615722,
          -0.16116691769238561,
          -0.31950324865271384
        ],
        [
          0.0027750795344641207,
          -0.013918342635227782,
          0.8757916686003842,
          -0.48248060259664427
        ],
        [
          -0.08065468629882494,
          0.3561717916706815,
          0.4537339736635931,
          0.8128726576405315
        ]
      ],
      "n_neurons": 435,
      "n_trials": 249
    },
    {
      "session_idx": 3,
      "mouse": "Forssmann",
      "region": "MOs",
      "holonomy_angle": 0.0,
      "holonomy_matrix": [
        [
          0.9631225913266221,
          0.05880233931824878,
          -0.20209438015173736,
          0.16761569281567396
        ],
        [
          -0.16532346181448615,
          0.8953687484406843,
          -0.36276508579948546,
          0.1984551581953134
        ],
        [
          -0.03207869022465475,
          0.03132716511000694,
          0.548653523664759,
          0.8348466190444109
        ],
        [
          -0.2098427618085418,
          -0.4403131816476005,
          -0.725629840212088,
          0.4853366381983853
        ]
      ],
      "n_neurons": 92,
      "n_trials": 249
    },
    {
      "session_idx": 3,
      "mouse": "Forssmann",
      "region": "SUB",
      "holonomy_angle": 0.0,
      "holonomy_matrix": [
        [
          0.876876018673713,
          -0.03069577584280613,
          -0.2993737590613169,
          0.37486206744060124
        ],
        [
          0.1406131844778941,
          0.8191151375157892,
          -0.276392728757578,
          -0.48258199648704025
        ],
        [
          0.3237635378275078,
          0.247880919369834,
          0.9130555455623565,
          -0.007860795354814279
        ],
        [
          -0.32633349781985016,
          0.5163944332099899,
          -0.017663028994639264,
          0.7915372732582664
        ]
      ],
      "n_neurons": 108,
      "n_trials": 249
    },
    {
      "session_idx": 3,
      "mouse": "Forssmann",
      "region": "TH",
      "holonomy_angle": 0.0,
      "holonomy_matrix": [
        [
          0.9880901936847892,
          -0.012779375844720213,
          0.12361575760793087,
          0.09073919311957442
        ],
        [
          0.017863235611065186,
          0.999215470807256,
          -0.034752909304135916,
          -0.006448488802274359
        ],
        [
          -0.12832159953960368,
          0.03706209787085758,
          0.989540874794767,
          0.054486925986094496
        ],
        [
          -0.0830195220960466,
          0.005615278609409176,
          -0.06572850885514729,
          0.9943621024157951
        ]
      ],
      "n_neurons": 256,
      "n_trials": 249
    },
    {
      "session_idx": 3,
      "mouse": "Forssmann",
      "region": "VISa",
      "holonomy_angle": 0.0,
      "holonomy_matrix": [
        [
          0.9945090539937016,
          0.016437068519930677,
          0.08382651402828155,
          0.06045394816628147
        ],
        [
          -0.015491084576753609,
          0.999771727339452,
          -0.014408441204462321,
          0.0029860230046608303
        ],
        [
          -0.10075298859835385,
          0.00560347610874236,
          0.6527402499801322,
          0.7508312742553233
        ],
        [
          -0.023677058763492072,
          0.01244656766585899,
          0.7527919223954246,
          -0.6577148329008943
        ]
      ],
      "n_neurons": 81,
      "n_trials": 249
    },
    {
      "session_idx": 3,
      "mouse": "Forssmann",
      "region": "VISp",
      "holonomy_angle": 0.0,
      "holonomy_matrix": [
        [
          0.9109574949515773,
          0.34230328968278845,
          -0.06528150138089403,
          -0.2207333818010964
        ],
        [
          0.12073766908430633,
          0.3099196241220271,
          0.35316610857303693,
          0.8744403590889016
        ],
        [
          -0.1439036366501135,
          0.3723001501301455,
          -0.8836082227367397,
          0.24478735727966475
        ],
        [
          0.36724732948588185,
          -0.8050906052547583,
          -0.3004139378338714,
          0.3559634563703997
        ]
      ],
      "n_neurons": 39,
      "n_trials": 249
    },
    {
      "session_idx": 3,
      "mouse": "Forssmann",
      "region": "VPL",
      "holonomy_angle": 0.0,
      "holonomy_matrix": [
        [
          0.8434415565967758,
          -0.09662835349157038,
          -0.4073737713488314,
          -0.3366242895635232
        ],
        [
          0.2875380026601759,
          0.9047846344466326,
          0.2976103538106015,
          0.10057206172789322
        ],
        [
          0.15753974950614477,
          -0.25904658743853737,
          0.8067359937633322,
          -0.5072012709257349
        ],
        [
          0.42556957710502114,
          -0.3239175699267187,
          0.3076552032526819,
          0.7869664661514975
        ]
      ],
      "n_neurons": 72,
      "n_trials": 249
    },
    {
      "session_idx": 4,
      "mouse": "Forssmann",
      "region": "ACA",
      "holonomy_angle": 0.0,
      "holonomy_matrix": [
        [
          0.9893718129609842,
          -0.00613795552581495,
          -0.14150899961166213,
          -0.032877716605096294
        ],
        [
          0.004519598286806235,
          0.9997977722835519,
          -0.007567525886962525,
          -0.018075406499514002
        ],
        [
          -0.11576133791651459,
          -0.01812276748003443,
          -0.6302507233600361,
          -0.7674991228964332
        ],
        [
          -0.0878766271166554,
          0.006189130607308927,
          -0.763349173894233,
          0.6399511167143305
        ]
      ],
      "n_neurons": 53,
      "n_trials": 250
    },
    {
      "session_idx": 4,
      "mouse": "Forssmann",
      "region": "CA1",
      "holonomy_angle": 0.0,
      "holonomy_matrix": [
        [
          0.9992255736610426,
          0.01630649302458385,
          -0.025844069349021025,
          0.024787805600417667
        ],
        [
          -0.01597718519443163,
          0.9997168653281575,
          -0.003528020975165902,
          -0.01727633640864581
        ],
        [
          0.024056607677211513,
          0.00506033242470839,
          0.9974579490152523,
          0.06688282746043332
        ],
        [
          -0.026725682818020114,
          0.016573487847574973,
          -0.06631196795275959,
          0.997303253922651
        ]
      ],
      "n_neurons": 28,
      "n_trials": 250
    },
    {
      "session_idx": 4,
      "mouse": "Forssmann",
      "region": "DG",
      "holonomy_angle": 0.0,
      "holonomy_matrix": [
        [
          0.9985707757656257,
          -0.011748074327143627,
          -0.024634724325328015,
          -0.04595126650982856
        ],
        [
          0.04109451377313837,
          0.7848237644120517,
          0.20019747942866273,
          0.5850503132058431
        ],
        [
          0.014273580856344843,
          -0.11223324350322576,
          0.976294721109355,
          -0.18452257714515127
        ],
        [
          -0.031046926001218687,
          0.6093581382212315,
          -0.07850297524189863,
          -0.7883882486742174
        ]
      ],
      "n_neurons": 16,
      "n_trials": 250
    },
    {
      "session_idx": 4,
      "mouse": "Forssmann",
      "region": "MOs",
      "holonomy_angle": 0.0,
      "holonomy_matrix": [
        [
          0.20716255081955776,
          0.16593492002254065,
          0.1425910083569977,
          0.9535287537304684
        ],
        [
          0.18574585402996976,
          0.9609037938384806,
          -0.0345759166109756,
          -0.2024027734197482
        ],
        [
          0.3898605934923308,
          -0.08604011646089837,
          0.8939953487626936,
          -0.20341615568060203
        ],
        [
          0.8778330552504944,
          -0.20427089773955917,
          -0.42337291684390677,
          -0.09185804662269687
        ]
      ],
      "n_neurons": 29,
      "n_trials": 250
    },
    {
      "session_idx": 4,
      "mouse": "Forssmann",
      "region": "OLF",
      "holonomy_angle": 0.0,
      "holonomy_matrix": [
        [
          0.3400541148165237,
          -0.02523156255042343,
          0.3282341335210775,
          -0.8809023333147
        ],
        [
          0.03926738388750905,
          0.9991407240127707,
          0.0005625575528046776,
          -0.013250272105369826
        ],
        [
          0.9189258465093152,
          -0.032762527775114576,
          -0.311635828932296,
          0.23955169696038905
        ],
        [
          -0.19595040233722053,
          0.0027926052861943604,
          -0.8917091158255299,
          -0.4079834481118677
        ]
      ],
      "n_neurons": 181,
      "n_trials": 250
    },
    {
      "session_idx": 4,
      "mouse": "Forssmann",
      "region": "ORB",
      "holonomy_angle": 0.0,
      "holonomy_matrix": [
        [
          0.9865578859730244,
          0.07028396984569393,
          0.05416509953796035,
          0.13722187580414863
        ],
        [
          0.06277775420504197,
          -0.6428127311243502,
          -0.74392326625475,
          0.17154859429995586
        ],
        [
          0.15001369685004878,
          -0.26967126278990844,
          0.02641710241025935,
          -0.9508288160772811
        ],
        [
          -0.0160742638646316,
          -0.7135330169743236,
          0.6655422245185921,
          0.21832498508319292
        ]
      ],
      "n_neurons": 32,
      "n_trials": 250
    },
    {
      "session_idx": 4,
      "mouse": "Forssmann",
      "region": "SUB",
      "holonomy_angle": 0.0,
      "holonomy_matrix": [
        [
          0.994838468199633,
          -0.03010562540191821,
          0.03886424041308607,
          0.08876736070472357
        ],
        [
          0.023901178499281552,
          0.9974187095177875,
          0.006993767384373179,
          0.0673478937160599
        ],
        [
          -0.024033147512799065,
          0.004534696441383144,
          0.9866371021478259,
          -0.16108715968118764
        ],
        [
          -0.09564289663735036,
          -0.06503080617072832,
          0.15807557274995712,
          0.9806301769124663
        ]
      ],
      "n_neurons": 101,
      "n_trials": 250
    },
    {
      "session_idx": 4,
      "mouse": "Forssmann",
      "region": "VISa",
      "holonomy_angle": 0.0,
      "holonomy_matrix": [
        [
          0.9067888792062194,
          0.09821226039490226,
          -0.07347331842914218,
          -0.4033484249815058
        ],
        [
          0.10986576138009,
          0.8805263382679535,
          0.16098972541508386,
          0.4320708164220046
        ],
        [
          -0.08197875613281932,
          0.012070637229889445,
          0.9326098570661439,
          -0.351244413141115
        ],
        [
          -0.39867646853961275,
          0.46355368539298303,
          -0.31452000618856046,
          -0.7261213534241459
        ]
      ],
      "n_neurons": 99,
      "n_trials": 250
    },
    {
      "session_idx": 4,
      "mouse": "Forssmann",
      "region": "root",
      "holonomy_angle": 0.0,
      "holonomy_matrix": [
        [
          0.995330887706146,
          0.060412758514640084,
          -0.04581547549830965,
          0.0597299321246016
        ],
        [
          -0.056633133351141424,
          0.9919891256892834,
          -0.052575115211687125,
          -0.09993057580902066
        ],
        [
          0.051579512927674286,
          0.0408372286556698,
          0.987478930275562,
          -0.14337795110720009
        ],
        [
          -0.0587253440268306,
          0.10315131544769193,
          0.1414996880815344,
          0.9827965091325718
        ]
      ],
      "n_neurons": 524,
      "n_trials": 250
    }
  ]
}