{
  "timestamp": "2026-06-21T03:17:01.472858",
  "k": 4,
  "time_points": [
    "pre_stim",
    "early_delib",
    "late_delib",
    "post_choice",
    "iti"
  ],
  "n_total_measurements": 42,
  "region_summary": {
    "ACA": {
      "mean_holonomy_angle": 0.0,
      "std_holonomy_angle": 0.0,
      "n_sessions": 3
    },
    "CA3": {
      "mean_holonomy_angle": 0.0,
      "std_holonomy_angle": 0.0,
      "n_sessions": 1
    },
    "DG": {
      "mean_holonomy_angle": 3.9252311467094367e-17,
      "std_holonomy_angle": 6.79869977755259e-17,
      "n_sessions": 4
    },
    "LS": {
      "mean_holonomy_angle": 0.0,
      "std_holonomy_angle": 0.0,
      "n_sessions": 1
    },
    "MOs": {
      "mean_holonomy_angle": 0.0,
      "std_holonomy_angle": 0.0,
      "n_sessions": 3
    },
    "SUB": {
      "mean_holonomy_angle": 0.0,
      "std_holonomy_angle": 0.0,
      "n_sessions": 3
    },
    "VISp": {
      "mean_holonomy_angle": 2.6168207644729562e-17,
      "std_holonomy_angle": 3.700743415417185e-17,
      "n_sessions": 3
    },
    "root": {
      "mean_holonomy_angle": 0.0,
      "std_holonomy_angle": 0.0,
      "n_sessions": 3
    },
    "CA1": {
      "mean_holonomy_angle": 0.0,
      "std_holonomy_angle": 0.0,
      "n_sessions": 4
    },
    "POST": {
      "mean_holonomy_angle": 0.0,
      "std_holonomy_angle": 0.0,
      "n_sessions": 2
    },
    "VISl": {
      "mean_holonomy_angle": 0.0,
      "std_holonomy_angle": 0.0,
      "n_sessions": 1
    },
    "VISpm": {
      "mean_holonomy_angle": 0.0,
      "std_holonomy_angle": 0.0,
      "n_sessions": 1
    },
    "MG": {
      "mean_holonomy_angle": 0.0,
      "std_holonomy_angle": 0.0,
      "n_sessions": 1
    },
    "MRN": {
      "mean_holonomy_angle": 0.0,
      "std_holonomy_angle": 0.0,
      "n_sessions": 1
    },
    "NB": {
      "mean_holonomy_angle": 0.0,
      "std_holonomy_angle": 0.0,
      "n_sessions": 1
    },
    "SPF": {
      "mean_holonomy_angle": 0.0,
      "std_holonomy_angle": 0.0,
      "n_sessions": 1
    },
    "VISam": {
      "mean_holonomy_angle": 0.0,
      "std_holonomy_angle": 0.0,
      "n_sessions": 1
    },
    "LGd": {
      "mean_holonomy_angle": 0.0,
      "std_holonomy_angle": 0.0,
      "n_sessions": 1
    },
    "LSr": {
      "mean_holonomy_angle": 0.0,
      "std_holonomy_angle": 0.0,
      "n_sessions": 1
    },
    "TH": {
      "mean_holonomy_angle": 0.0,
      "std_holonomy_angle": 0.0,
      "n_sessions": 1
    },
    "VISa": {
      "mean_holonomy_angle": 0.0,
      "std_holonomy_angle": 0.0,
      "n_sessions": 2
    },
    "VPL": {
      "mean_holonomy_angle": 0.0,
      "std_holonomy_angle": 0.0,
      "n_sessions": 1
    },
    "OLF": {
      "mean_holonomy_angle": 0.0,
      "std_holonomy_angle": 0.0,
      "n_sessions": 1
    },
    "ORB": {
      "mean_holonomy_angle": 0.0,
      "std_holonomy_angle": 0.0,
      "n_sessions": 1
    }
  },
  "within_region_holonomy_distance": {
    "mean": 0.0,
    "std": 0.0,
    "n": 29
  },
  "cross_region_holonomy_distance": {
    "mean": 6.633817352541758e-19,
    "std": 1.0880322717938964e-17,
    "n": 832
  },
  "prediction": "within_region < cross_region (mechanism stability within region)",
  "all_holonomies": [
    {
      "session_idx": 0,
      "mouse": "Cori",
      "region": "ACA",
      "holonomy_angle": 0.0,
      "holonomy_matrix": [
        [
          0.943513138863229,
          0.27472118177632004,
          0.020399970815703813,
          -0.18410613859020494
        ],
        [
          -0.28740580812129457,
          0.9558093182013333,
          -0.03558084089703206,
          -0.05060091361532374
        ],
        [
          -0.02809230898489316,
          0.02929976301432155,
          0.9991210756670855,
          0.01046050768604554
        ],
        [
          0.16245516435773216,
          0.10049051403105855,
          -0.008655698101626965,
          0.9815472760156024
        ]
      ],
      "n_neurons": 109,
      "n_trials": 214
    },
    {
      "session_idx": 0,
      "mouse": "Cori",
      "region": "CA3",
      "holonomy_angle": 0.0,
      "holonomy_matrix": [
        [
          0.3445964322898219,
          -0.6427297958498618,
          0.6058606104279511,
          0.3179380900612413
        ],
        [
          -0.48398273094659644,
          0.48929447718838925,
          0.5402124228356602,
          0.48427488986364065
        ],
        [
          0.44652155332702365,
          0.4420725450966197,
          0.5190779549844505,
          -0.5794380414982956
        ],
        [
          0.6690534488462209,
          0.389950239122292,
          -0.2676967231683211,
          0.5732754643279157
        ]
      ],
      "n_neurons": 68,
      "n_trials": 214
    },
    {
      "session_idx": 0,
      "mouse": "Cori",
      "region": "DG",
      "holonomy_angle": 1.5700924586837747e-16,
      "holonomy_matrix": [
        [
          0.9978213382349522,
          0.056228920924741584,
          -0.02551130398151204,
          -0.02323916486899855
        ],
        [
          -0.04937848522207039,
          0.946917095697394,
          -0.11426012379794,
          0.29640243450901094
        ],
        [
          0.01202390709516941,
          0.16580065165160215,
          0.9742843760979373,
          -0.15210366222258778
        ],
        [
          0.04206860846696639,
          -0.2696228221786102,
          0.1925194846510208,
          0.9425868734349102
        ]
      ],
      "n_neurons": 34,
      "n_trials": 214
    },
    {
      "session_idx": 0,
      "mouse": "Cori",
      "region": "LS",
      "holonomy_angle": 0.0,
      "holonomy_matrix": [
        [
          0.8875383972880253,
          0.08206436596247405,
          0.4463374756647899,
          -0.07952289604739081
        ],
        [
          -0.0828513836264425,
          0.9845906268169953,
          -0.04264463809876946,
          -0.1479810145144518
        ],
        [
          -0.1852676021731654,
          -0.14771181448436085,
          0.2272705193123879,
          -0.9445661684065448
        ],
        [
          -0.4136268332151488,
          0.04503284673471322,
          0.8644723267462583,
          0.28208594762818207
        ]
      ],
      "n_neurons": 139,
      "n_trials": 214
    },
    {
      "session_idx": 0,
      "mouse": "Cori",
      "region": "MOs",
      "holonomy_angle": 0.0,
      "holonomy_matrix": [
        [
          0.8866142198159989,
          -0.42710624911316925,
          0.01934085204853614,
          -0.1764126090464684
        ],
        [
          0.37120305516934393,
          0.8382939209070422,
          0.3801523155158801,
          -0.12229395328942781
        ],
        [
          -0.21490001986299967,
          -0.33762457342592195,
          0.9016672223093323,
          -0.16377988000612712
        ],
        [
          0.17303611910781452,
          -0.02920961413200658,
          0.2051983641818951,
          0.962859767184942
        ]
      ],
      "n_neurons": 113,
      "n_trials": 214
    },
    {
      "session_idx": 0,
      "mouse": "Cori",
      "region": "SUB",
      "holonomy_angle": 0.0,
      "holonomy_matrix": [
        [
          0.8813342006395106,
          -0.462876809890245,
          -0.07927535539352705,
          -0.052062497790409855
        ],
        [
          0.4601265315733417,
          0.7981556506344946,
          0.3623211979278792,
          0.14126033354987008
        ],
        [
          -0.10506244333512542,
          -0.35592220250691325,
          0.9281851531646191,
          -0.027451597546502168
        ],
        [
          -0.02225948619928775,
          -0.14836442292101237,
          -0.030184250928441656,
          0.9882213437693754
        ]
      ],
      "n_neurons": 75,
      "n_trials": 214
    },
    {
      "session_idx": 0,
      "mouse": "Cori",
      "region": "VISp",
      "holonomy_angle": 0.0,
      "holonomy_matrix": [
        [
          0.9377754323731664,
          -0.028109249464306086,
          -0.34060557294901733,
          0.06144063970978476
        ],
        [
          0.02660106312477488,
          0.998918237688458,
          -0.002331113847039532,
          0.03806972238208317
        ],
        [
          0.26007696600036284,
          -0.0249090023903038,
          0.8122041170815889,
          0.5215975321564357
        ],
        [
          -0.22853794790800094,
          -0.027418353485543268,
          -0.47361047473638307,
          0.8501245546848537
        ]
      ],
      "n_neurons": 178,
      "n_trials": 214
    },
    {
      "session_idx": 0,
      "mouse": "Cori",
      "region": "root",
      "holonomy_angle": 0.0,
      "holonomy_matrix": [
        [
          0.9645078122247663,
          0.003983673970722384,
          0.2640195845759254,
          -0.0015714513816729853
        ],
        [
          -0.0158540489824204,
          0.9988207079446393,
          0.0427474087028086,
          -0.016688366038224652
        ],
        [
          -0.22755909120940096,
          -0.047589802775719066,
          0.8290021814457328,
          -0.5086329264193732
        ],
        [
          -0.1330044709632305,
          -0.008748393820061035,
          0.49114325931215536,
          0.8608202920131426
        ]
      ],
      "n_neurons": 18,
      "n_trials": 214
    },
    {
      "session_idx": 1,
      "mouse": "Cori",
      "region": "CA1",
      "holonomy_angle": 0.0,
      "holonomy_matrix": [
        [
          0.9794556686195146,
          -0.011922042615229273,
          -0.08002651065021983,
          -0.18471658209843186
        ],
        [
          0.050206755638209685,
          0.9784363784810668,
          0.006513805548203637,
          0.20024760994933122
        ],
        [
          0.0700920601198404,
          0.0020260063265100017,
          0.9957406233231035,
          -0.059863256431934554
        ],
        [
          0.1822991442808714,
          -0.20619411597594106,
          0.04532040373324546,
          0.9603109233663948
        ]
      ],
      "n_neurons": 190,
      "n_trials": 250
    },
    {
      "session_idx": 1,
      "mouse": "Cori",
      "region": "POST",
      "holonomy_angle": 0.0,
      "holonomy_matrix": [
        [
          0.9881877589274752,
          0.005796103206411394,
          -0.13469035769974516,
          0.07286882623060487
        ],
        [
          -0.0394290485684435,
          0.8199029744917251,
          0.0536309916010569,
          0.5686195382577844
        ],
        [
          0.14801619856141973,
          0.1625134705720851,
          0.9245497075665412,
          -0.3112690397143055
        ],
        [
          -0.00463769320941192,
          -0.5489215695250619,
          0.35240610454591315,
          0.7579403273283535
        ]
      ],
      "n_neurons": 191,
      "n_trials": 250
    },
    {
      "session_idx": 1,
      "mouse": "Cori",
      "region": "VISl",
      "holonomy_angle": 0.0,
      "holonomy_matrix": [
        [
          0.8938906801443427,
          0.24564828984447779,
          0.1151963223587372,
          -0.3568559610859693
        ],
        [
          -0.4299894154576572,
          0.6051292081526166,
          0.4138364878905348,
          -0.5269412731276568
        ],
        [
          0.09619205046079327,
          -0.20373228282860037,
          0.8932393277392586,
          0.38905494437355653
        ],
        [
          0.08255691354220931,
          0.7293618553711992,
          -0.13263737024445585,
          0.6660502743565996
        ]
      ],
      "n_neurons": 231,
      "n_trials": 250
    },
    {
      "session_idx": 1,
      "mouse": "Cori",
      "region": "VISpm",
      "holonomy_angle": 0.0,
      "holonomy_matrix": [
        [
          -0.3878081682703314,
          0.05904981493588219,
          0.259213965887513,
          -0.8825678806005325
        ],
        [
          0.255560856392326,
          0.9657088018960841,
          0.011525929187178522,
          -0.04429798614859897
        ],
        [
          0.10740399443222576,
          -0.02919274840539338,
          0.965725860591636,
          0.23449035716865546
        ],
        [
          -0.8790664680687305,
          0.25113226144206535,
          0.00698820647817988,
          0.4051245449863273
        ]
      ],
      "n_neurons": 302,
      "n_trials": 250
    },
    {
      "session_idx": 1,
      "mouse": "Cori",
      "region": "root",
      "holonomy_angle": 0.0,
      "holonomy_matrix": [
        [
          -0.360033335542191,
          0.5376056489767111,
          -0.23233164806601517,
          -0.7262080754120147
        ],
        [
          0.6655352215287065,
          0.7009385566990889,
          0.2288033175633345,
          0.11574562846753449
        ],
        [
          -0.6397788662751457,
          0.45239502368864665,
          0.1732141365778641,
          0.5966729486905061
        ],
        [
          0.13461748946845606,
          0.12249101380376458,
          -0.9293373499803634,
          0.32125717579224644
        ]
      ],
      "n_neurons": 156,
      "n_trials": 250
    },
    {
      "session_idx": 2,
      "mouse": "Cori",
      "region": "CA1",
      "holonomy_angle": 0.0,
      "holonomy_matrix": [
        [
          0.9651821051508573,
          0.08658210426450637,
          0.20711372153805854,
          -0.13427937097092021
        ],
        [
          -0.07173235262003047,
          0.9932031653591274,
          -0.023469189669453928,
          0.08860665349997357
        ],
        [
          -0.19007678802882663,
          -0.0025643285965900302,
          0.972780207313401,
          0.13252511886729224
        ],
        [
          0.16476889311032006,
          -0.07774596941699342,
          -0.1012510333093541,
          0.9780363001220356
        ]
      ],
      "n_neurons": 42,
      "n_trials": 228
    },
    {
      "session_idx": 2,
      "mouse": "Cori",
      "region": "DG",
      "holonomy_angle": 0.0,
      "holonomy_matrix": [
        [
          0.9994994169749709,
          0.026351026493818753,
          -0.001457095397993592,
          -0.01744751393224566
        ],
        [
          -0.026421849151381786,
          0.9996197849751689,
          0.00652912221962684,
          -0.004420626274875062
        ],
        [
          -0.00277987844033137,
          -0.007506898946459876,
          0.9678465831223598,
          -0.25141382277519697
        ],
        [
          0.01717770735492091,
          0.003091174069675572,
          0.2514522598315951,
          0.967712318841961
        ]
      ],
      "n_neurons": 34,
      "n_trials": 228
    },
    {
      "session_idx": 2,
      "mouse": "Cori",
      "region": "MG",
      "holonomy_angle": 0.0,
      "holonomy_matrix": [
        [
          0.6795483162487169,
          -0.4834389233919215,
          -0.24296323437369127,
          0.4954490488192206
        ],
        [
          0.5771732929180067,
          0.8011239505498063,
          0.14586744604867666,
          0.06159621726123209
        ],
        [
          0.42744412608647225,
          -0.2153807356380184,
          -0.14258444815353635,
          -0.8663557773426289
        ],
        [
          -0.14958808408390004,
          0.27946084148080086,
          -0.9483465769805179,
          0.012798949499392625
        ]
      ],
      "n_neurons": 137,
      "n_trials": 228
    },
    {
      "session_idx": 2,
      "mouse": "Cori",
      "region": "MRN",
      "holonomy_angle": 0.0,
      "holonomy_matrix": [
        [
          0.8599944097142553,
          -0.22733798421106763,
          -0.3841989658141816,
          0.2472209757734772
        ],
        [
          0.1364582363784767,
          0.9140357335890636,
          -0.3432558351486085,
          -0.1676104384673258
        ],
        [
          0.47237217378448737,
          0.22259189880085528,
          0.843132421397727,
          -0.12823843421670528
        ],
        [
          -0.13657706402914768,
          0.2516127287030216,
          0.15392954976790185,
          0.9456973268673491
        ]
      ],
      "n_neurons": 41,
      "n_trials": 228
    },
    {
      "session_idx": 2,
      "mouse": "Cori",
      "region": "NB",
      "holonomy_angle": 0.0,
      "holonomy_matrix": [
        [
          0.9539836901961495,
          0.02362081058172607,
          -0.25690560545026825,
          0.15282894370971956
        ],
        [
          -0.21306181729685197,
          0.7535867298064002,
          -0.5549055728062864,
          0.28069825068636683
        ],
        [
          -0.19528672679319584,
          -0.5826786464777851,
          -0.361670122536768,
          0.7011015702032464
        ],
        [
          0.07989289823443256,
          0.3033722019334936,
          0.7037570870840296,
          0.6374232457988388
        ]
      ],
      "n_neurons": 43,
      "n_trials": 228
    },
    {
      "session_idx": 2,
      "mouse": "Cori",
      "region": "POST",
      "holonomy_angle": 0.0,
      "holonomy_matrix": [
        [
          0.9979337125757792,
          0.043212695538135185,
          0.023615298707008143,
          -0.04127088460437083
        ],
        [
          0.05886232211873672,
          -0.3181720971900209,
          -0.4689623263941829,
          0.8218126794029458
        ],
        [
          0.011876548353436996,
          -0.438467525851234,
          0.8432841122456474,
          0.31060760197904924
        ],
        [
          -0.02285782007800861,
          0.8394315983377862,
          0.2615120649683387,
          0.47586085324320143
        ]
      ],
      "n_neurons": 63,
      "n_trials": 228
    },
    {
      "session_idx": 2,
      "mouse": "Cori",
      "region": "SPF",
      "holonomy_angle": 0.0,
      "holonomy_matrix": [
        [
          0.999951588369547,
          0.001328986384158962,
          0.009613853692300563,
          0.0016212740644728108
        ],
        [
          -0.0011230011853450312,
          0.999755686442411,
          -0.021885065853491557,
          0.0028896690103708583
        ],
        [
          -0.009747360419935696,
          0.021522888445658476,
          0.9956341395796869,
          0.09030179589142599
        ],
        [
          -0.0007407768894637964,
          -0.004854533366858128,
          -0.09022902976973947,
          0.9959089350649494
        ]
      ],
      "n_neurons": 15,
      "n_trials": 228
    },
    {
      "session_idx": 2,
      "mouse": "Cori",
      "region": "VISam",
      "holonomy_angle": 0.0,
      "holonomy_matrix": [
        [
          0.9108620393848532,
          -0.20235216072528248,
          -0.09411136559302566,
          -0.3471699859199954
        ],
        [
          0.02061729956043725,
          0.36833983522016933,
          -0.925078073450965,
          0.09017344824872732
        ],
        [
          -0.38784561665557366,
          -0.674202166388535,
          -0.3292766174537744,
          -0.5353542058079565
        ],
        [
          0.13957453137144377,
          -0.6073144224179065,
          -0.1641661295294196,
          0.7646813875274968
        ]
      ],
      "n_neurons": 114,
      "n_trials": 228
    },
    {
      "session_idx": 2,
      "mouse": "Cori",
      "region": "VISp",
      "holonomy_angle": 0.0,
      "holonomy_matrix": [
        [
          0.45730040812740946,
          0.3552292414986081,
          0.7278482390518952,
          0.3673220162471641
        ],
        [
          0.4418252705711307,
          0.7012746297850567,
          -0.45693874206408885,
          -0.3228177657835242
        ],
        [
          0.5932138875531892,
          -0.5259745378798636,
          0.17813924122062327,
          -0.5828503065568692
        ],
        [
          0.4937246708695892,
          -0.3246180295458317,
          -0.47928106330970516,
          0.6489597419110172
        ]
      ],
      "n_neurons": 114,
      "n_trials": 228
    },
    {
      "session_idx": 3,
      "mouse": "Forssmann",
      "region": "ACA",
      "holonomy_angle": 0.0,
      "holonomy_matrix": [
        [
          0.9544880329516534,
          0.22492035444967828,
          0.18299802263032966,
          0.06982229457490582
        ],
        [
          -0.2166356033950767,
          0.4652526718000942,
          0.2441657011450021,
          0.8227952826243563
        ],
        [
          0.053522147297233647,
          0.48369438464493353,
          -0.8735989308922789,
          -0.0001730766305934572
        ],
        [
          0.19788125237735055,
          -0.7063926159014289,
          -0.3791038670887269,
          0.5640325700842823
        ]
      ],
      "n_neurons": 304,
      "n_trials": 249
    },
    {
      "session_idx": 3,
      "mouse": "Forssmann",
      "region": "CA1",
      "holonomy_angle": 0.0,
      "holonomy_matrix": [
        [
          0.9989156635837804,
          0.00877765624025804,
          -0.007243350527613059,
          0.04514403250749365
        ],
        [
          -0.011549177902324306,
          0.9906138918329078,
          -0.12951153261136414,
          0.04216036904601016
        ],
        [
          -0.008213230757147418,
          0.11001776126130079,
          0.9437320195182141,
          0.3117667563799133
        ],
        [
          -0.04434699964243378,
          -0.08064218663726308,
          -0.3042107363816407,
          0.9481487273773119
        ]
      ],
      "n_neurons": 98,
      "n_trials": 249
    },
    {
      "session_idx": 3,
      "mouse": "Forssmann",
      "region": "DG",
      "holonomy_angle": 0.0,
      "holonomy_matrix": [
        [
          0.9643775428089132,
          0.2612185917569623,
          0.0417032055019636,
          0.0012825354622288615
        ],
        [
          -0.2531845410376749,
          0.9368495042690093,
          -0.005939128821670987,
          -0.2411956079187506
        ],
        [
          -0.038567228009443774,
          -0.016692027497562222,
          0.9979180666634613,
          -0.04892317823230185
        ],
        [
          -0.06622772855119317,
          0.23194660999774083,
          0.0488375022535136,
          0.9692417430420253
        ]
      ],
      "n_neurons": 144,
      "n_trials": 249
    },
    {
      "session_idx": 3,
      "mouse": "Forssmann",
      "region": "LGd",
      "holonomy_angle": 0.0,
      "holonomy_matrix": [
        [
          0.9787260337268472,
          -0.0409220634373014,
          -0.17059769064347868,
          -0.10638215816789827
        ],
        [
          -0.03997593386380389,
          0.5547540578295368,
          0.14758059210276275,
          -0.8178446239158009
        ],
        [
          0.20002996637874834,
          0.22293084477786854,
          0.9041631620721591,
          0.30459617093590746
        ],
        [
          -0.02202925708116375,
          -0.8005467871975518,
          0.3627745486295644,
          -0.4764810386644433
        ]
      ],
      "n_neurons": 140,
      "n_trials": 249
    },
    {
      "session_idx": 3,
      "mouse": "Forssmann",
      "region": "LSr",
      "holonomy_angle": 0.0,
      "holonomy_matrix": [
        [
          0.9967330820716626,
          0.03186407742313144,
          0.03375883580837566,
          0.06609224371105417
        ],
        [
          -0.003206807686938384,
          0.9337733210615721,
          -0.16116691769238423,
          -0.3195032486527128
        ],
        [
          0.002775079534463941,
          -0.013918342635227628,
          0.8757916686003848,
          -0.4824806025966458
        ],
        [
          -0.08065468629882518,
          0.3561717916706803,
          0.45373397366359547,
          0.8128726576405323
        ]
      ],
      "n_neurons": 435,
      "n_trials": 249
    },
    {
      "session_idx": 3,
      "mouse": "Forssmann",
      "region": "MOs",
      "holonomy_angle": 0.0,
      "holonomy_matrix": [
        [
          0.48533663819838485,
          -0.7256298402120869,
          -0.20984276180854217,
          -0.4403131816475997
        ],
        [
          0.8348466190444104,
          0.5486535236647583,
          -0.03207869022465468,
          0.03132716511000768
        ],
        [
          0.16761569281567376,
          -0.20209438015173697,
          0.963122591326622,
          0.058802339318249276
        ],
        [
          0.19845515819531187,
          -0.36276508579948513,
          -0.16532346181448637,
          0.8953687484406851
        ]
      ],
      "n_neurons": 92,
      "n_trials": 249
    },
    {
      "session_idx": 3,
      "mouse": "Forssmann",
      "region": "SUB",
      "holonomy_angle": 0.0,
      "holonomy_matrix": [
        [
          0.8191151375157888,
          -0.27639272875757503,
          -0.48258199648704053,
          0.14061318447789256
        ],
        [
          0.24788091936983225,
          0.9130555455623574,
          -0.007860795354811604,
          0.32376353782750766
        ],
        [
          0.5163944332099893,
          -0.01766302899464106,
          0.7915372732582663,
          -0.32633349781984966
        ],
        [
          -0.03069577584280553,
          -0.2993737590613186,
          0.3748620674406002,
          0.8768760186737143
        ]
      ],
      "n_neurons": 108,
      "n_trials": 249
    },
    {
      "session_idx": 3,
      "mouse": "Forssmann",
      "region": "TH",
      "holonomy_angle": 0.0,
      "holonomy_matrix": [
        [
          0.9943621024157958,
          -0.06572850885514658,
          -0.08301952209604765,
          0.005615278609410251
        ],
        [
          0.05448692598609523,
          0.9895408747947684,
          -0.1283215995396038,
          0.03706209787085877
        ],
        [
          0.09073919311957442,
          0.12361575760793157,
          0.9880901936847899,
          -0.0127793758447195
        ],
        [
          -0.006448488802275246,
          -0.03475290930413555,
          0.01786323561106538,
          0.999215470807259
        ]
      ],
      "n_neurons": 256,
      "n_trials": 249
    },
    {
      "session_idx": 3,
      "mouse": "Forssmann",
      "region": "VISa",
      "holonomy_angle": 0.0,
      "holonomy_matrix": [
        [
          -0.6577148329008936,
          -0.023677058763491438,
          0.012446567665860124,
          0.7527919223954237
        ],
        [
          0.0604539481662824,
          0.9945090539937004,
          0.016437068519931142,
          0.08382651402828034
        ],
        [
          0.002986023004661313,
          -0.015491084576752802,
          0.9997717273394502,
          -0.014408441204463428
        ],
        [
          0.7508312742553245,
          -0.10075298859835402,
          0.005603476108743147,
          0.6527402499801325
        ]
      ],
      "n_neurons": 81,
      "n_trials": 249
    },
    {
      "session_idx": 3,
      "mouse": "Forssmann",
      "region": "VISp",
      "holonomy_angle": 7.850462293418868e-17,
      "holonomy_matrix": [
        [
          0.9109574949515765,
          -0.06528150138089438,
          -0.22073338180109658,
          0.3423032896827878
        ],
        [
          -0.14390363665011416,
          -0.8836082227367404,
          0.24478735727966483,
          0.3723001501301457
        ],
        [
          0.36724732948588173,
          -0.30041393783387127,
          0.35596345637040105,
          -0.8050906052547593
        ],
        [
          0.12073766908430564,
          0.35316610857303843,
          0.8744403590889019,
          0.30991962412202734
        ]
      ],
      "n_neurons": 39,
      "n_trials": 249
    },
    {
      "session_idx": 3,
      "mouse": "Forssmann",
      "region": "VPL",
      "holonomy_angle": 0.0,
      "holonomy_matrix": [
        [
          0.8067359937633327,
          0.15753974950614444,
          -0.2590465874385345,
          -0.5072012709257335
        ],
        [
          -0.4073737713488307,
          0.8434415565967764,
          -0.09662835349157035,
          -0.3366242895635242
        ],
        [
          0.2976103538105999,
          0.28753800266017365,
          0.904784634446634,
          0.10057206172789367
        ],
        [
          0.30765520325268186,
          0.4255695771050217,
          -0.32391756992671716,
          0.786966466151497
        ]
      ],
      "n_neurons": 72,
      "n_trials": 249
    },
    {
      "session_idx": 4,
      "mouse": "Forssmann",
      "region": "ACA",
      "holonomy_angle": 0.0,
      "holonomy_matrix": [
        [
          0.9893718129609842,
          -0.0061379555258143734,
          -0.14150899961166272,
          -0.032877716605096995
        ],
        [
          0.004519598286806088,
          0.9997977722835522,
          -0.007567525886962319,
          -0.01807540649951315
        ],
        [
          -0.11576133791651452,
          -0.018122767480033133,
          -0.6302507233600371,
          -0.767499122896433
        ],
        [
          -0.08787662711665543,
          0.006189130607309344,
          -0.7633491738942325,
          0.63995111671433
        ]
      ],
      "n_neurons": 53,
      "n_trials": 250
    },
    {
      "session_idx": 4,
      "mouse": "Forssmann",
      "region": "CA1",
      "holonomy_angle": 0.0,
      "holonomy_matrix": [
        [
          0.9992255736610425,
          -0.02584406934902178,
          0.02478780560041744,
          0.016306493024584034
        ],
        [
          0.024056607677214317,
          0.9974579490152544,
          0.0668828274604322,
          0.005060332424708338
        ],
        [
          -0.026725682818020687,
          -0.066311967952759,
          0.9973032539226533,
          0.016573487847574564
        ],
        [
          -0.015977185194432066,
          -0.003528020975165279,
          -0.01727633640864543,
          0.9997168653281577
        ]
      ],
      "n_neurons": 28,
      "n_trials": 250
    },
    {
      "session_idx": 4,
      "mouse": "Forssmann",
      "region": "DG",
      "holonomy_angle": 0.0,
      "holonomy_matrix": [
        [
          0.9985707757656245,
          -0.011748074327143133,
          -0.04595126650982806,
          -0.024634724325328906
        ],
        [
          0.04109451377313716,
          0.7848237644120513,
          0.5850503132058422,
          0.20019747942866267
        ],
        [
          -0.031046926001219322,
          0.6093581382212309,
          -0.7883882486742174,
          -0.07850297524189956
        ],
        [
          0.014273580856343917,
          -0.11223324350322485,
          -0.1845225771451516,
          0.9762947211093548
        ]
      ],
      "n_neurons": 16,
      "n_trials": 250
    },
    {
      "session_idx": 4,
      "mouse": "Forssmann",
      "region": "MOs",
      "holonomy_angle": 0.0,
      "holonomy_matrix": [
        [
          -0.0918580466226962,
          -0.20427089773955992,
          0.8778330552504937,
          -0.4233729168439101
        ],
        [
          -0.2024027734197476,
          0.9609037938384795,
          0.18574585402996935,
          -0.03457591661097502
        ],
        [
          0.9535287537304699,
          0.1659349200225394,
          0.20716255081955698,
          0.14259100835699828
        ],
        [
          -0.20341615568060256,
          -0.08604011646089892,
          0.3898605934923348,
          0.8939953487626909
        ]
      ],
      "n_neurons": 29,
      "n_trials": 250
    },
    {
      "session_idx": 4,
      "mouse": "Forssmann",
      "region": "OLF",
      "holonomy_angle": 0.0,
      "holonomy_matrix": [
        [
          0.9991407240127711,
          0.0005625575528045161,
          -0.013250272105370033,
          0.03926738388750765
        ],
        [
          -0.03276252777511347,
          -0.31163582893229724,
          0.2395516969603897,
          0.918925846509316
        ],
        [
          0.0027926052861942654,
          -0.8917091158255294,
          -0.40798344811186876,
          -0.19595040233722114
        ],
        [
          -0.025231562550421922,
          0.3282341335210787,
          -0.8809023333146987,
          0.3400541148165233
        ]
      ],
      "n_neurons": 181,
      "n_trials": 250
    },
    {
      "session_idx": 4,
      "mouse": "Forssmann",
      "region": "ORB",
      "holonomy_angle": 0.0,
      "holonomy_matrix": [
        [
          -0.642812731124351,
          0.17154859429995645,
          0.06277775420504154,
          -0.7439232662547491
        ],
        [
          -0.7135330169743241,
          0.21832498508319184,
          -0.016074263864631264,
          0.6655422245185908
        ],
        [
          0.07028396984569361,
          0.13722187580414807,
          0.9865578859730237,
          0.05416509953796068
        ],
        [
          -0.2696712627899085,
          -0.9508288160772819,
          0.1500136968500487,
          0.02641710241026017
        ]
      ],
      "n_neurons": 32,
      "n_trials": 250
    },
    {
      "session_idx": 4,
      "mouse": "Forssmann",
      "region": "SUB",
      "holonomy_angle": 0.0,
      "holonomy_matrix": [
        [
          0.9974187095177864,
          0.023901178499281948,
          0.06734789371606185,
          0.00699376738437223
        ],
        [
          -0.030105625401918436,
          0.9948384681996316,
          0.08876736070472438,
          0.03886424041308614
        ],
        [
          -0.06503080617072984,
          -0.09564289663735087,
          0.9806301769124649,
          0.1580755727499599
        ],
        [
          0.0045346964413844615,
          -0.024033147512799023,
          -0.16108715968118956,
          0.9866371021478267
        ]
      ],
      "n_neurons": 101,
      "n_trials": 250
    },
    {
      "session_idx": 4,
      "mouse": "Forssmann",
      "region": "VISa",
      "holonomy_angle": 0.0,
      "holonomy_matrix": [
        [
          0.8805263382679541,
          0.10986576138009078,
          0.1609897254150842,
          0.4320708164220044
        ],
        [
          0.09821226039490161,
          0.9067888792062181,
          -0.07347331842914233,
          -0.4033484249815066
        ],
        [
          0.012070637229889162,
          -0.0819787561328195,
          0.9326098570661437,
          -0.35124441314111454
        ],
        [
          0.463553685392983,
          -0.3986764685396129,
          -0.31452000618856024,
          -0.7261213534241457
        ]
      ],
      "n_neurons": 99,
      "n_trials": 250
    },
    {
      "session_idx": 4,
      "mouse": "Forssmann",
      "region": "root",
      "holonomy_angle": 0.0,
      "holonomy_matrix": [
        [
          0.9919891256892831,
          -0.09993057580902048,
          -0.05663313335114141,
          -0.0525751152116867
        ],
        [
          0.10315131544769135,
          0.9827965091325727,
          -0.058725344026830884,
          0.14149968808153493
        ],
        [
          0.06041275851463997,
          0.05972993212460146,
          0.9953308877061487,
          -0.045815475498309624
        ],
        [
          0.04083722865566919,
          -0.14337795110719975,
          0.05157951292767442,
          0.9874789302755627
        ]
      ],
      "n_neurons": 524,
      "n_trials": 250
    }
  ]
}